class,r1,r2,r3,r4,r5,r6,r7,r8,r9,r10,r11
1,0.105559034907946,0.0804820056491664,0.0487799412461177,0.0323645657320485,0.0169306835121877,0.00544721076252886,0.00397481581616135,0.0428910215172428,0.000760692727305596,292.865565246818,291.345233930562
1,0.10629515087286,0.0806537660424535,0.0490743876352742,0.0325854005222925,0.0170042951081388,0.00544721076252886,0.00407296462578988,0.043553525889146,0.000687081132501221,292.932841139705,291.304149001195
1,0.105190976925488,0.0800648732654693,0.0484118832596719,0.0317511357591484,0.0159491955661739,0.00471109477129335,0.0027234184933975,0.041271566385924,0.00083430432210999,292.992608094955,291.398038191809
1,0.103596059001507,0.0779792113469836,0.046816965318407,0.0299353830393642,0.0150167820174608,0.00304256519115955,0.00181554200433352,0.0407808224067365,0.000662543934233083,293.166746958057,291.609039557316
1,0.105460886112624,0.0804329312510844,0.0487799412461177,0.0323891029309645,0.0167589231216353,0.00500554116778756,0.00341046016079727,0.0427928727214053,0.000466246348088077,293.062296027479,291.565109346112
1,0.105190976925488,0.0801139476635513,0.0485345692551538,0.0319719705493925,0.016096418758076,0.004441185574507,0.00304240212469023,0.0418359219619896,0.000687081132501221,293.141886490065,291.61489579119
1,0.106884043644791,0.0819542375916269,0.0502276359928043,0.0341067068550847,0.0185501386231105,0.00664953354821351,0.00468639468596826,0.0437252862818616,0.000392634753283683,292.940313749638,291.400971128408
1,0.104675695750048,0.0798195012750592,0.0494669828208164,0.0323400285331325,0.0171024439027401,0.0050791527669111,0.00341046016079727,0.0424738891349334,0.000907915916914364,293.293449956067,291.749516051506
1,0.107522010814384,0.0827394279609392,0.0518961655313584,0.0354807899943809,0.0187709734109636,0.00758194713711181,0.00566788278225363,0.0455901134027742,0.000564395141160571,292.965218856978,291.327627706227
1,0.108552573165264,0.0836227671264155,0.0518470911331656,0.036511352348853,0.0208320980975926,0.00878426992279646,0.0064285360568748,0.0462526177746774,0.000392634753283683,292.960238277548,291.377505769038
1,0.106515985662334,0.0813162704165607,0.0498595780063585,0.0329043841082006,0.0174459646838449,0.00539813636311316,0.00382759260171854,0.0428174099203647,0.000687081132501221,292.887995027229,291.392172118644
1,0.106515985662334,0.0813162704165607,0.0498595780063585,0.0329043841082006,0.0174459646838449,0.00539813636311316,0.00382759260171854,0.0428174099203647,0.000687081132501221,292.887995027229,291.392172118644
1,0.107791920001519,0.0826412791647751,0.0514790331467198,0.0355544015911289,0.0199487589461802,0.00738564953944901,0.00566788278225363,0.0455165018058961,0.000736155529037477,292.957747904964,291.192566720284
1,0.107669234007366,0.0834264695340874,0.0527549674997318,0.0366831127412651,0.0213228420705995,0.00885788152192001,0.006649370878539,0.0455655762038148,0.000368097555015565,292.905437312031,291.362837752245
1,0.107178490030757,0.0816843284021758,0.0502521731919007,0.0339104092637567,0.0188445850069146,0.00716481474207836,0.00534889915096087,0.0444859394496023,0.000588932339428708,293.010034132135,291.477204100171
1,0.104356712165252,0.0787398645172548,0.0473813208976238,0.0307451106035923,0.0155075259904677,0.00395044158035,0.00260073248136182,0.0409525827994521,0.000687081132501221,293.186631376283,291.702707496374
1,0.105485423311454,0.0806537660424535,0.0490989248343706,0.0323645657320485,0.0161454931553767,0.0042448879768442,0.00279703010061889,0.0423021287422178,0.000981527511718739,293.032435064713,291.459615870455
1,0.104086802978117,0.0787644017162958,0.0471850233048527,0.0309904825927523,0.0149922448188105,0.0035578463850244,0.00198730242118347,0.0418359219619896,0.00107967630479125,292.965218856978,291.53874405123
1,0.106221539276368,0.0809482124309456,0.0489762388388887,0.0322418797374685,0.0164154023405305,0.00503007836749541,0.00338592295839013,0.0424984263338928,0.00083430432210999,293.139400140931,291.480135238926
1,0.104037728580456,0.0780282857450656,0.0473813208976238,0.0305488130122643,0.0150903936134118,0.00323886278882234,0.00220813724284767,0.041467863977599,0.000785229925573733,293.131940763611,291.527024415568
1,0.104921067738353,0.0793778316923211,0.0480438252732261,0.0317020613613164,0.0147223356336567,0.00328793718823806,0.00223267444525481,0.0422285171453397,0.000932453115182483,293.151831336827,291.529954424136
1,0.104503935358235,0.0795495920856081,0.0482646600650936,0.0315303009689044,0.0160228071621249,0.00419581357742851,0.00296879051746884,0.0414187895796803,0.00083430432210999,293.002566161605,291.459615870455
1,0.105043753732506,0.0796722780808132,0.0486327180515394,0.0317265985602324,0.0162681791486284,0.00397497878005785,0.00260073248136182,0.0426456495276491,0.000736155529037477,293.037412443083,291.415634811763
1,0.1068104320483,0.0824695187714881,0.0508410659702139,0.0349409716182288,0.0193107917812712,0.00753287273769611,0.00539797355577515,0.0436516746849835,0.000613469537696827,292.965218856978,291.453752594841
1,0.105019216533675,0.0797458896779362,0.0489026272415996,0.0323645657320485,0.0169306835121877,0.00461294597246196,0.00345953456561152,0.0436271374860241,0.000760692727305596,293.017501606097,291.450820857193
1,0.109337763527839,0.0839662879129896,0.052386909513286,0.0366831127412651,0.021077470084096,0.00922593951753776,0.006649370878539,0.0466697501569867,0.000245411563674914,292.798248976681,291.166125179244
1,0.107055804036605,0.0818560887954629,0.0508165287711175,0.0348673600214808,0.0188445850069146,0.00699305434412341,0.00478454349559679,0.0447067742402367,0.000319023158479308,293.027457465779,291.43029682949
1,0.105902555691572,0.0803102452558794,0.0485836436533466,0.0317756729580644,0.0170288323067891,0.00542267356282101,0.00343499736320438,0.0426211123286897,0.000515320744624333,293.044878097142,291.609039557316
1,0.106761357650639,0.0817088656012168,0.0503257847891898,0.0342784672474967,0.0179121714582015,0.00603610355551725,0.00461278307874684,0.0452465926173429,0.000588932339428708,292.942804509057,291.333496714697
1,0.103620596200338,0.0785435669249268,0.0477003044858768,0.0310640941895003,0.0151640052093629,0.0039995159797657,0.00215906283803339,0.041271566385924,0.000883378718646227,293.194087126916,291.591469264103
1,0.106565060059995,0.0815861796060118,0.0500313384000332,0.0334196652854366,0.0175686506770967,0.00581526875814661,0.00397481581616135,0.0436516746849835,0.000932453115182483,292.985138965383,291.386305778826
1,0.106785894849469,0.0825922047666931,0.0516753307394909,0.0356280131878769,0.0208811724948933,0.00888241872162786,0.00620770123521059,0.0461299317798805,0.000883378718646227,293.134427277708,291.626607463371
1,0.109166003136025,0.0835000811312104,0.0524114467123824,0.036437740752105,0.0212246932759981,0.00927501391695346,0.00704196611705315,0.0463016921725961,0.001030601908255,293.019990653753,291.342299726718
1,0.105092828130166,0.0801630220616333,0.0484609576578647,0.0322664169363845,0.0161945675526774,0.004441185574507,0.00296879051746884,0.0422285171453397,0.000564395141160571,293.027457465779,291.351102138033
1,0.104430323761744,0.0784699553278037,0.0483628088614791,0.0312603917808284,0.016243641949978,0.00397497878005785,0.00291971611265456,0.0417132359671928,0.000760692727305596,293.25371535119,291.652954848777
1,0.106049778884555,0.0809727496299866,0.0487554040470213,0.0323154913342165,0.0175441134784463,0.00576619435873091,0.00429379944745411,0.0427683355224459,0.000662543934233083,292.910420323965,291.356970078581
1,0.104626621352387,0.079206071299034,0.0480928996714189,0.0311867801840804,0.0164399395391808,0.00488285516924831,0.00341046016079727,0.0418359219619896,0.000687081132501221,293.286000785907,291.617823808674
1,0.10577986969742,0.0804820056491664,0.0488780900425032,0.0324381773287965,0.0160718815594256,0.00456387157304626,0.00321416254154018,0.0424738891349334,0.000613469537696827,292.97268931183,291.488928256092
1,0.107276638826079,0.0817824771983399,0.0505711567801537,0.0344502276399088,0.0184029154312084,0.00718935194178621,0.00505445272207527,0.0436026002870647,0.000711618330769339,292.895470624195,291.271858799874
1,0.106687746054147,0.0810218240280686,0.0497123548117802,0.0329043841082006,0.017519576279796,0.00564350836019165,0.00407296462578988,0.0429891703130803,0.000319023158479308,292.910420323965,291.450820857193
1,0.106663208855317,0.0813898820136837,0.0497123548117802,0.0334932768821847,0.0171515183000408,0.00539813636311316,0.00392574141134709,0.0440933442662523,0.000711618330769339,292.793260978077,291.192566720284
1,0.105313662919641,0.079156996900952,0.0474794696940093,0.0305733502111803,0.0152130796066636,0.00397497878005785,0.0027234184933975,0.0409280456004927,0.000907915916914364,293.02496858359,291.362837752245
1,0.10631968807169,0.0809727496299866,0.0494179084226236,0.0332479048930246,0.0166853115256843,0.00488285516924831,0.00375398099449714,0.0435044514912272,0.000392634753283683,293.044878097142,291.345233930562
1,0.107546548013214,0.0825185931695701,0.0510128263638886,0.0347692112258168,0.0195561637677746,0.00785185633389816,0.00566788278225363,0.0450748322246273,0.000294485960211171,292.883011019155,291.403903998358
1,0.104871993340692,0.0795005176875261,0.0484854948569611,0.0318002101569804,0.0156056747850691,0.0035087719856087,0.00206091402840486,0.0425229635328522,0.00083430432210999,293.044878097142,291.433229033212
1,0.106098853282216,0.0807028404405355,0.0493197596262381,0.0326835493179565,0.0171024439027401,0.0052754503645739,0.00392574141134709,0.0432836167005929,0.000858841520378108,293.094636450675,291.600254709169
1,0.107301176024909,0.0823959071743651,0.051233661155756,0.0354317155965489,0.0199732961448305,0.0076800959359432,0.00559427117503221,0.045835485392368,0.000858841520378108,293.047366538244,291.356970078581
1,0.105460886112624,0.0798685756731412,0.0475285440922021,0.0311131685873323,0.0158510467715725,0.00446572277421485,0.00299332771987598,0.0414433267786396,0.000564395141160571,293.057319751496,291.658809094565
1,0.108012754790993,0.0833037835388824,0.0521170003232258,0.036462277951021,0.0212001560773478,0.00964307191257121,0.00736094974834591,0.046228080575718,0.000515320744624333,292.94778586208,291.286537166635
1,0.108429887171111,0.0831810975436773,0.0520924631241294,0.036167831564029,0.0205131145151381,0.00848982352630226,0.00694381730742462,0.046228080575718,0.000490783546356196,292.917894426967,291.257178761596
1,0.10835627557462,0.0828866511551852,0.0515035703458162,0.0353826411987169,0.0200223705421312,0.00856343512542582,0.00628131284243199,0.0456637249996523,0.00083430432210999,292.960238277548,291.400971128408
1,0.10629515087286,0.0811690472223147,0.0499086524045513,0.0331497560973606,0.0179857830541525,0.00623240115318006,0.00461278307874684,0.0430382447109991,0.000490783546356196,292.970199215447,291.342299726718
1,0.106687746054147,0.0812917332175197,0.0495160572190092,0.0330025329038646,0.0176667994716981,0.00581526875814661,0.00382759260171854,0.0434308398943491,0.000392634753283683,292.925368032181,291.483066311161
1,0.107522010814384,0.0830338743494313,0.0514054215494307,0.0357506991824569,0.0204395029191871,0.00883334432221216,0.00684566849779609,0.0464489153663524,0.000613469537696827,293.02496858359,291.359903948771
1,0.108945168346551,0.0837454531216205,0.052509595508768,0.0368303359347611,0.0206603377070401,0.00861250952484151,0.00674751968816753,0.0465716013611492,0.000809767123841852,292.905437312031,291.312954016507
1,0.104675695750048,0.0795741292846491,0.0479456764768406,0.0316039125656524,0.0157283607783208,0.00377868118239505,0.00257619527895469,0.0403146156265083,0.000711618330769339,293.02496858359,291.46254740843
1,0.105534497709115,0.0808255264357405,0.0490253132370815,0.0329289213071166,0.0168325347175863,0.0047847063704169,0.00355768337524006,0.0429400959151616,0.000711618330769339,293.097123790084,291.512373375979
1,0.107595622410875,0.082150535183955,0.0507919915720211,0.0340821696561687,0.0187955106096139,0.00699305434412341,0.00505445272207527,0.0450257578267085,0.00083430432210999,292.96770906383,291.198441881268
1,0.105730795299759,0.0809727496299866,0.0493688340244309,0.0331497560973606,0.0173968902865443,0.0055698967610681,0.00424472504263983,0.0433817654964303,0.000809767123841852,292.945295213203,291.403903998358
1,0.105117365328997,0.079328757294239,0.047970213675937,0.0315793753667364,0.0160228071621249,0.00414673917801281,0.00279703010061889,0.0421303683495022,0.000638006735964965,292.965218856978,291.433229033212
1,0.104332174966422,0.0790588481047879,0.0472095605039491,0.0312849289797444,0.0149431704215098,0.00387682998122645,0.00218360004044053,0.0410998059932084,0.000613469537696827,292.90792884566,291.456684265927
1,0.105583572106776,0.0806046916443715,0.0487063296488285,0.0321437309418045,0.0172251298959919,0.00603610355551725,0.0041465762330113,0.0419831451557459,0.000736155529037477,293.107072597295,291.459615870455
1,0.105583572106776,0.0804083940520434,0.0482646600650936,0.0316529869634844,0.0164890139364815,0.00515276436603465,0.00348407176801866,0.0418849963599084,0.000858841520378108,292.932841139705,291.424432222236
1,0.108184515182806,0.0839662879129896,0.0527795046988282,0.036290517558609,0.0213719164679002,0.00956946031344766,0.00763085897482439,0.0470623453403368,0.000785229925573733,292.942804509057,291.35403614167
1,0.106246076475199,0.0811690472223147,0.0492216108298525,0.0325608633233765,0.0172251298959919,0.0050791527669111,0.00343499736320438,0.0424738891349334,0.000858841520378108,293.087174102133,291.400971128408
1,0.107448399217892,0.0824204443734061,0.051552644744009,0.0356280131878769,0.0200959821380822,0.00792546793302171,0.0058641804015107,0.046031782984043,0.000588932339428708,293.042389600917,291.541673794072
1,0.108797945153568,0.0839662879129896,0.0532947858798522,0.0378608982892332,0.0215927512557533,0.00907871631929066,0.00706650331946029,0.0471114197382555,0.000809767123841852,292.780790010356,291.265986985178
1,0.105313662919641,0.0800648732654693,0.0490007760379851,0.0322418797374685,0.0158019723742719,0.00414673917801281,0.00274795569580463,0.0430873191089178,0.000687081132501221,293.092149056216,291.606111340917
1,0.104675695750048,0.0796968152798542,0.0483628088614791,0.0319228961515605,0.0160473443607753,0.00397497878005785,0.00260073248136182,0.0415414755744771,0.000490783546356196,293.079711258042,291.488928256092
1,0.106565060059995,0.0820033119897089,0.0501785615946115,0.0339840208605047,0.0181084690474043,0.00608517795493295,0.00441648545948978,0.0440197326693741,0.000760692727305596,293.126967570426,291.474272894891
1,0.105927092890403,0.0808255264357405,0.0488780900425032,0.0325363261244605,0.0176177250743974,0.00537359916340531,0.00380305539931142,0.0430627819099585,0.000490783546356196,292.890486948233,291.248369936051
1,0.103767819393321,0.0788380133134189,0.0473077093003346,0.0299108458404482,0.0155075259904677,0.0035578463850244,0.0027234184933975,0.0417377731661522,0.000932453115182483,293.514218242586,291.927818640149
1,0.105436348913793,0.0802366336587563,0.0477739160831659,0.0312358545819124,0.0162191047513277,0.00498100396807971,0.00385212980412568,0.041860459160949,0.000858841520378108,293.134427277708,291.524094340556
1,0.106442374065843,0.0815616424069708,0.0499086524045513,0.0336895744735127,0.0177649482662994,0.0060115663558094,0.00444102266189692,0.0427683355224459,0.000613469537696827,293.047366538244,291.512373375979
1,0.105240051323149,0.0799421872702643,0.04828919726419,0.0319474333504765,0.016734385922985,0.0055698967610681,0.00385212980412568,0.0416150871713553,0.000466246348088077,293.087174102133,291.386305778826
1,0.107742845603858,0.0819051631935449,0.0501049499973224,0.0338858720648407,0.0180839318487539,0.00662499634850566,0.00471093188837538,0.0444123278527241,0.000736155529037477,292.915403114615,291.248369936051
1,0.105068290931336,0.0796968152798542,0.0480192880741298,0.0311867801840804,0.0152621540039643,0.00392590438064215,0.00269888129099036,0.0419831451557459,0.000662543934233083,293.029946292818,291.371638762417
1,0.107031266837774,0.082346832776283,0.0502521731919007,0.0342293928496647,0.0186973618150126,0.00655138474938211,0.00529982474614662,0.0442896418579273,0.000760692727305596,292.855595015618,291.32175843068
1,0.104994679334845,0.0796968152798542,0.0477984532822623,0.0314566893721564,0.0157528979769712,0.0040485903791814,0.00252712087414043,0.0419340707578271,0.000368097555015565,293.134427277708,291.529954424136
1,0.105485423311454,0.0799176500712232,0.0483382716623827,0.0311867801840804,0.0154829887918174,0.00451479717363056,0.00301786492228312,0.0412470291869646,0.000907915916914364,293.032435064713,291.53874405123
1,0.104209488972269,0.0794023688913621,0.0479947508750334,0.0310640941895003,0.0158510467715725,0.00370506958327151,0.00257619527895469,0.0422775915432584,0.00083430432210999,293.114533624857,291.573896582704
1,0.105092828130166,0.0802120964597153,0.0490989248343706,0.0322909541353005,0.0169797579094884,0.0051773015657425,0.00368036938727573,0.0421794427474209,0.000907915916914364,292.985138965383,291.518233991183
1,0.108061829188654,0.0831810975436773,0.0511845867575632,0.0348428228225648,0.0194089405758726,0.00718935194178621,0.00507898992448241,0.0441914930620898,0.000441709149819939,292.855595015618,291.260114903002
1,0.106442374065843,0.0807764520376585,0.0490498504361779,0.0322418797374685,0.016881609114887,0.0043921111750913,0.00282156730302603,0.0424984263338928,0.000760692727305596,293.02496858359,291.436161170339
1,0.105313662919641,0.0800403360664283,0.0480683624723225,0.0312603917808284,0.0162681791486284,0.00456387157304626,0.00311601373191165,0.0425965751297303,0.000760692727305596,293.318276964451,291.758290771665
1,0.105043753732506,0.0803102452558794,0.0499577268027441,0.0332479048930246,0.0178630970609008,0.00591341755697801,0.00412203903060416,0.0432590795016335,0.000883378718646227,293.236327049636,291.635390521535
1,0.105043753732506,0.0796968152798542,0.0487554040470213,0.0320210449472245,0.0162191047513277,0.00441664837479915,0.00291971611265456,0.0426947239255678,0.000368097555015565,292.985138965383,291.368705159063
1,0.104970142136014,0.079230608498075,0.0483628088614791,0.0317020613613164,0.0152621540039643,0.00395044158035,0.00247804646932615,0.0419340707578271,0.000687081132501221,293.064784082822,291.500651347926
1,0.108405349972281,0.0830093371503903,0.0517734795358765,0.035946996773785,0.0198996845488795,0.00777824473477461,0.00581510599669644,0.0459827085861242,0.000368097555015565,293.029946292818,291.35403614167
1,0.104135877375778,0.0786171785220498,0.0468415025175033,0.0305242758133483,0.0145015008458035,0.00377868118239505,0.00218360004044053,0.0400692436369146,0.000809767123841852,293.052343255094,291.582683221991
1,0.108822482352399,0.0839662879129896,0.0523378351150933,0.036413203553189,0.021077470084096,0.00883334432221216,0.00718918933149596,0.0454183530100586,0.000269948761943052,292.957747904964,291.383372508909
1,0.103841430989812,0.079083385303829,0.0475040068931057,0.0306960362057603,0.0146977984350063,0.00353330918531655,0.00201183962359061,0.041664161569274,0.000687081132501221,292.875534591824,291.442025244821
1,0.105927092890403,0.0810708984261506,0.0499577268027441,0.0329289213071166,0.0163663279432298,0.00458840877275411,0.00318962533913304,0.0431854679047553,0.000711618330769339,293.017501606097,291.342299726718
1,0.108110903586315,0.0833283207379234,0.0520679259250331,0.036290517558609,0.0216172884544036,0.00949584871432411,0.00765539617723151,0.0455165018058961,0.000956990313450621,293.102098303768,291.550462624103
1,0.107546548013214,0.0827639651599802,0.0517734795358765,0.0355298643922129,0.0196052381650753,0.00750833553798826,0.00544704796058943,0.045639187800693,0.000785229925573733,292.995097694408,291.286537166635
1,0.104822918943031,0.0798685756731412,0.0484854948569611,0.0317265985602324,0.0164399395391808,0.00458840877275411,0.00316508813672593,0.0421549055484615,0.000736155529037477,293.186631376283,291.497720674709
1,0.104454860960574,0.0790588481047879,0.0480192880741298,0.0311377057862483,0.0152130796066636,0.00321432558911449,0.00206091402840486,0.041860459160949,0.00105513910652313,292.965218856978,291.480135238926
1,0.107374787621401,0.082101460785873,0.0506693055765392,0.0345974508334048,0.0186482874177119,0.00655138474938211,0.00468639468596826,0.043357228297471,0.000441709149819939,292.90792884566,291.301213862483
1,0.106589597258826,0.0816597912031348,0.0501049499973224,0.0338858720648407,0.0184765270271595,0.00662499634850566,0.00495630391244672,0.0437988978787397,0.000883378718646227,292.98015926962,291.392172118644
1,0.106000704486894,0.0815125680088888,0.0499331896036477,0.0334196652854366,0.0174705018824953,0.00623240115318006,0.00429379944745411,0.0446086254443992,0.000687081132501221,292.860580242007,291.295343384615
2,0.107203027229587,0.0828866511551852,0.0617601195681046,0.0385970142567133,0.189329041229512,0.0907630541467234,0.0405597846051988,0.0516508015457401,0.000956990313450621,294.210895438307,292.563037715733
2,0.109166003136025,0.0857820406420242,0.0644346742696104,0.044584090792218,0.199045771895049,0.117876659823898,0.0596742652803565,0.056730001730331,0.000809767123841852,296.065094847214,293.968154534211
2,0.107693771206197,0.0836963787235385,0.0635267979030442,0.0389159978426213,0.216270885347591,0.0970200400722252,0.0434306372868335,0.0535156286666527,0.000956990313450621,294.547813309029,292.804075347949
2,0.106540522861165,0.0829602627523083,0.0633305003102731,0.0376891378968212,0.262989711577848,0.125777638129825,0.0510371700330452,0.0546688770177434,0.000809767123841852,294.883736976216,293.018602164613
2,0.109730358709126,0.0863218590209264,0.0676981217494294,0.0446331651900501,0.214136149065011,0.116404427841427,0.0566071149794647,0.0527059011009933,0.000883378718646227,295.992372393909,293.930763864225
2,0.107055804036605,0.0830093371503903,0.0624962355409961,0.0394312790198574,0.195217968905595,0.100921454825773,0.0454426878842185,0.0524850663103589,0.000564395141160571,294.952271340699,293.244345255297
2,0.106687746054147,0.0820523863877909,0.0597726064412975,0.0368303359347611,0.206063410709047,0.094762617699103,0.0403144125811275,0.0523133059176433,0.000932453115182483,295.194260305477,293.406178017674
2,0.107791920001519,0.0836963787235385,0.0632814259120804,0.0409525853526496,0.188200330091596,0.0927014929236436,0.0422528515712911,0.0541535958395965,0.001030601908255,294.161626654008,292.490348681656
2,0.106736820451808,0.0824204443734061,0.0607786316042492,0.0374683031065772,0.19914392068965,0.0952288244935522,0.0400935777594632,0.0465470641621899,0.000392634753283683,294.267528114261,292.597914065865
2,0.108258126779298,0.0849968502727119,0.0652689390388874,0.043749826029074,0.188200330091596,0.112233103891092,0.0529265346183946,0.0643610706066969,0.000515320744624333,295.318721889772,293.518765351301
2,0.107472936416723,0.0834510067331284,0.0626679959346708,0.0397747998046814,0.191979058683749,0.0897324917589938,0.0403880241883489,0.0520188595301308,0.000466246348088077,294.545357667224,292.853389672809
2,0.108822482352399,0.0860028754333932,0.0702745276545497,0.0432836192496699,0.257959585854527,0.142119413135254,0.0666673679663898,0.0578096384845435,0.000736155529037477,294.692602535897,292.94326795097
2,0.107129415633096,0.0826167419657341,0.0601406644277433,0.0369775591282571,0.200002722642412,0.0804819674691343,0.0339592771576796,0.0504484787967307,0.0012023622961319,294.596915025992,292.809877998859
2,0.106957655241283,0.0832547091408003,0.0618828055635865,0.0388423862458733,0.188372090482149,0.089364433763376,0.0404370985931631,0.0507674623832026,0.000613469537696827,294.878840090248,293.033084545555
2,0.107129415633096,0.0832547091408003,0.0614902103780444,0.0386951630523773,0.216491720135444,0.100185338834538,0.0441176789542333,0.0524605291113995,0.000564395141160571,294.119731358624,292.563037715733
2,0.107448399217892,0.0833283207379234,0.062618921536478,0.0387197002512933,0.213179198317648,0.102271000809705,0.0445348113951546,0.0541290586406371,0.001030601908255,294.075354758464,292.408888805969
2,0.116036418808559,0.0946645066948691,0.0786662497455129,0.0637721803445325,0.193304067410868,0.124231794548231,0.0725808337465093,0.0625453178837031,0.001030601908255,296.244281207003,294.361553144411
2,0.107497473615553,0.0842116599033997,0.0664712617946102,0.0412715689385576,0.260339694123611,0.130390631674901,0.0558464617048436,0.0576869524897466,0.000883378718646227,294.795560870551,292.983837914185
2,0.107399324820231,0.0833528579369644,0.0623980867446106,0.0390877582350334,0.188077644098345,0.0935602949134184,0.0427435956194338,0.0537119262583277,0.000711618330769339,294.442172834067,292.754742410264
2,0.107497473615553,0.0834019323350464,0.0615883591744299,0.0384252538643013,0.195929547666455,0.0940755761072832,0.0423264631785125,0.0525832151061964,0.00105513910652313,294.790660199715,292.957758667107
2,0.106908580843622,0.0833037835388824,0.0621772519527431,0.0386951630523773,0.221619994653366,0.0976089328652136,0.0419829423448126,0.0485345772778993,0.000662543934233083,295.608607976399,293.850194127811
2,0.108405349972281,0.0843588830976457,0.0627416075319599,0.0410261969493976,0.178900731803116,0.086419969798434,0.0407560822244559,0.0549387862062965,0.000539857942892452,295.167397907133,293.102577695624
2,0.107522010814384,0.0839662879129896,0.0648518066542489,0.0419831477071217,0.208124535395676,0.113901633471226,0.0523376417606233,0.0580550104741373,0.000417171951551821,296.191038625607,294.114738911451
2,0.107031266837774,0.0820278491887499,0.060189738825936,0.0369530219293411,0.212565768351389,0.0953760476917993,0.0405597846051988,0.0513318179592682,0.000883378718646227,294.731835720706,292.931674222724
2,0.106687746054147,0.0827885023590212,0.0609994663961167,0.0384743282621333,0.212590305550039,0.0985168092544041,0.0433815628820193,0.0533193310749777,0.00110421350305939,295.196702029165,293.429280717074
2,0.108037291989824,0.0826412791647751,0.0603860364187071,0.0382044190740572,0.185427626644107,0.083647266231447,0.0375171715067141,0.0506202391894463,0.00083430432210999,294.643542056705,292.885289034066
2,0.107693771206197,0.0828375767571032,0.0622754007491286,0.0386215514556293,0.228171426693008,0.0967010564760232,0.0408051566292702,0.0522396943207651,0.00105513910652313,294.072888882443,292.40306829382
2,0.106859506445961,0.0826658163638162,0.0607050200069601,0.0370757079239211,0.221742680646618,0.101363124420515,0.0427190584170266,0.0526568267030745,0.000883378718646227,293.845798366844,292.239988200402
2,0.107522010814384,0.0843343458986047,0.0629869795229238,0.0398729486003455,0.190285991976876,0.0973144864687194,0.0448783322288545,0.0550860094000528,0.000932453115182483,296.004495987896,293.821407296249
2,0.107203027229587,0.0832547091408003,0.0624226239437069,0.0390141466382854,0.187979495303743,0.0861991350010634,0.0390875524607707,0.0520679339280495,0.00110421350305939,294.949824392782,293.093893067222
2,0.116183642001542,0.0949834902824023,0.0802120932885851,0.0658823794513088,0.207339345038865,0.145824530291139,0.0923332816842525,0.0668884020995127,0.000368097555015565,296.067518139518,294.295589736109
2,0.107742845603858,0.0849477758746299,0.06504810424702,0.0424493544865258,0.199462904272105,0.104749257980198,0.0508654096161953,0.0559938857615497,0.000883378718646227,294.397922093966,292.789567593521
2,0.108797945153568,0.085291296661204,0.0650235670479236,0.0447558511846301,0.189746173606568,0.106049729564714,0.0543987667628226,0.0521415455249276,0.000588932339428708,294.790660199715,293.085207863247
2,0.107693771206197,0.0837699903206615,0.0625698471382852,0.0415169409277177,0.180888244893793,0.0917690793347453,0.0436023977036835,0.0523133059176433,0.000392634753283683,294.547813309029,292.838887390426
2,0.106785894849469,0.0830829487475133,0.0627906819301527,0.0384252538643013,0.250156756683718,0.109435863124397,0.0459334319323613,0.0522396943207651,0.000515320744624333,294.321672084515,292.612443127028
2,0.106712283252978,0.0828866511551852,0.0618582683644901,0.0380326586816452,0.256340130743605,0.110073830316801,0.0450010182408901,0.0514054295561463,0.000760692727305596,294.117266447501,292.432168253871
2,0.107006729638944,0.0833037835388824,0.0625943843373816,0.0389896094393694,0.215632918182682,0.108184465939297,0.0471848292551251,0.0633059710514438,0.000981527511718739,293.976677844796,292.40306829382
2,0.107006729638944,0.0827639651599802,0.0619564171608757,0.0374192287087452,0.236023330261119,0.104086753588086,0.042596372404991,0.0517244131426182,0.00112875070132751,293.801314277262,292.178780418102
2,0.109264151931347,0.0849232386755889,0.0691703536952124,0.0416641641212137,0.267185572547057,0.126464679721645,0.0560182221216935,0.0573925061022341,0.000638006735964965,294.203506484147,292.501981650946
2,0.117827634323183,0.0979279541673232,0.0816843252343681,0.068115264552665,0.204051360419719,0.132132772854159,0.0842850792947124,0.0598462259981717,0.000809767123841852,296.594586373248,294.47905874761
2,0.10941137512433,0.0859538010353113,0.0703972136500316,0.0448049255824621,0.236734909021979,0.13713836159456,0.0653178218339975,0.0615392927263687,0.00083430432210999,294.235521812223,292.551410193026
2,0.107742845603858,0.0833283207379234,0.062299937948225,0.0383271050686373,0.225938541615827,0.105338150773186,0.043872306930162,0.0527795126978714,0.000785229925573733,294.112336464524,292.365228622206
2,0.106933118042452,0.0834755439321694,0.0629624423238274,0.0393085930252774,0.209866676499851,0.0992529252456396,0.0441912905614547,0.054448042227109,0.000760692727305596,294.06795696948,292.513613582167
2,0.106933118042452,0.0832547091408003,0.0627661447310563,0.0390386838372014,0.208983337348439,0.0968237424745624,0.042228314368884,0.0535401658656121,0.00112875070132751,294.38808625696,292.548503150358
2,0.1068104320483,0.0828375767571032,0.0609749291970203,0.0380081214827292,0.197794374763881,0.0916954677356217,0.0390139408535493,0.0524114547134808,0.000687081132501221,294.410215693703,292.68216011332
2,0.108061829188654,0.0837699903206615,0.0631587399165985,0.0412715689385576,0.186556337782023,0.0929468649207221,0.0428908188338766,0.054644339818784,0.00100606470998688,294.262604654981,292.632781095171
2,0.109067854340704,0.0868126030017465,0.0660050550117789,0.0471359594794824,0.195708712878602,0.103080728400064,0.0550367340254081,0.0527304382999527,0.000785229925573733,295.584275953161,293.538963135713
2,0.107914605995671,0.0843588830976457,0.062937905124731,0.0410507341483136,0.190899421943134,0.0998663552383358,0.0457862087179184,0.0547179514156621,0.000490783546356196,294.277374392487,292.690872119198
2,0.107031266837774,0.0835736927283335,0.0618582683644901,0.0386951630523773,0.191022107936386,0.093462146114587,0.0412713634750057,0.0505220903936088,0.000588932339428708,294.235521812223,292.626970570564
2,0.106687746054147,0.0830829487475133,0.0611957639888878,0.0387442374502093,0.178434525028759,0.0888982269689269,0.0409769170461201,0.0507919995821619,0.000932453115182483,295.125870886976,293.299275158004
2,0.107472936416723,0.0833773951360054,0.0633305003102731,0.0386706258534613,0.239458538072167,0.103988604789255,0.042792670024248,0.0537610006562465,0.000883378718646227,294.023560093224,292.216674347674
2,0.106515985662334,0.0832547091408003,0.0627170703328635,0.0395539650144374,0.218798216808577,0.0976825444643372,0.0422528515712911,0.0525341407082777,0.000662543934233083,294.329053354097,292.595008059467
2,0.10732571322374,0.0831320231455953,0.0613429871834661,0.0376891378968212,0.209743990506599,0.0943945597034853,0.0409769170461201,0.0527059011009933,0.000588932339428708,294.070422952782,292.37978364342
2,0.107448399217892,0.0838190647187435,0.0612693755861769,0.0403636925786655,0.180912782092444,0.0855366306089514,0.0397991313305776,0.0535647030645715,0.000490783546356196,295.05988521224,293.302165568897
2,0.107055804036605,0.0835982299273745,0.0637476326949116,0.0400447089927575,0.230306162975588,0.105289076373771,0.04534453907459,0.0530494218864245,0.000736155529037477,294.188727132481,292.446715796493
2,0.114220666095103,0.0915728196157021,0.0736115867316579,0.0567790786534716,0.174385887251452,0.106393250360624,0.0650233754051118,0.0678698900578878,0.000858841520378108,296.1619868697,294.413153791807
2,0.108307201176959,0.08519314786504,0.0648518066542489,0.0423266684919458,0.210676404055312,0.10369415839276,0.0488288218164031,0.054840637410459,0.000564395141160571,294.971845037602,293.108367128189
2,0.107742845603858,0.0837209159225795,0.0633305003102731,0.0403391553797495,0.195119820110994,0.0947871548988109,0.0432098024651693,0.0524359919124401,0.000220874365406796,294.134519700467,292.40306829382
2,0.107227564428418,0.0835736927283335,0.0638948558894899,0.0397011882079334,0.2418141091426,0.123495678556995,0.0529019974159874,0.0572452829084779,0.000760692727305596,294.385627164732,292.638591361086
2,0.107693771206197,0.0843098086995637,0.0637967070931044,0.0403391553797495,0.208664353765984,0.10244276120766,0.0448292578240402,0.0520433967290901,0.000809767123841852,294.146841845976,292.295341856839
2,0.107129415633096,0.0832547091408003,0.0617355823690082,0.0386460886545453,0.212124098775683,0.0999890412368751,0.043332488477205,0.0511600575665526,0.000932453115182483,294.746544685158,292.986735287627
2,0.108258126779298,0.0839908251120306,0.0638948558894899,0.0399710973960095,0.193549439397372,0.107840945143387,0.0491968798525101,0.0503994043988119,0.00100606470998688,295.169840203845,293.284822148923
2,0.107227564428418,0.0831810975436773,0.0610976151925022,0.0399220229981775,0.173600696894641,0.0924070465271494,0.044240364966269,0.0514054295561463,0.000883378718646227,296.244281207003,294.200889170526
2,0.107571085212045,0.0841380483062766,0.063575872301237,0.0385970142567133,0.2702281851797,0.109116879528195,0.0429153560362837,0.0511109831686338,0.000981527511718739,294.707316562495,292.879489728873
2,0.107816457200349,0.0836473043254565,0.0618828055635865,0.0398238742025135,0.185231329054905,0.100234413233954,0.04551629949144,0.0557239765729965,0.000981527511718739,294.695055005564,292.949064429953
2,0.108110903586315,0.085217685064081,0.0654897738307549,0.0426456520778538,0.202849037685852,0.116772485837044,0.0578830495046357,0.0538100750541652,0.000588932339428708,294.17148212239,292.56885108837
2,0.107669234007366,0.0840644367091536,0.0644592114687068,0.0403391553797495,0.212835677536543,0.103522397994805,0.0465959363973539,0.055036935002134,0.000736155529037477,294.488863278111,292.702487222912
2,0.107203027229587,0.0838436019177845,0.0651707902425019,0.0400692461916735,0.225177888457666,0.106614085157995,0.0486570613995532,0.0547424886146215,0.000809767123841852,294.235521812223,292.528152036858
2,0.107104878434266,0.0826903535628572,0.0613429871834661,0.0378608982892332,0.198800399908545,0.0901250869543194,0.0389157920439208,0.0529758102895464,0.000613469537696827,294.164090601364,292.464170703789
2,0.107890068796841,0.0838926763158666,0.0622017891518395,0.0404373041754135,0.183194741566926,0.0943700225037774,0.0443875881807118,0.0535647030645715,0.000981527511718739,294.763702746196,292.960656617823
2,0.109067854340704,0.085242222263122,0.064410137070514,0.0435535284377459,0.187881346509142,0.102369149608537,0.0508654096161953,0.0563128693480216,0.000932453115182483,294.726932310882,293.06783572809
2,0.10786553159801,0.0839908251120306,0.0612203011879841,0.0395785022133534,0.183219278765576,0.0873769205870401,0.040780619426863,0.0528776614937089,0.000785229925573733,296.527023772226,294.249682768584
2,0.107104878434266,0.0831565603446363,0.0620054915590684,0.0378118238914012,0.210651866856662,0.0963820728798211,0.0414431238918557,0.0527304382999527,0.000613469537696827,294.176409535573,292.382694452426
2,0.107423862019062,0.0836963787235385,0.0628152191292491,0.0397502626057654,0.190138768784974,0.0949589152967658,0.0439213813349762,0.0528531242947496,0.000785229925573733,294.493776947185,292.766351835999
2,0.107080341235435,0.0825922047666931,0.0605577968123818,0.0373701543109131,0.202603665699349,0.089045450167174,0.0377870807331926,0.0509637599748776,0.000490783546356196,294.173945855729,292.531059533263
2,0.107423862019062,0.0833037835388824,0.0625698471382852,0.0389405350415373,0.200419855019468,0.0977316188637529,0.0436023977036835,0.0532702566770589,0.000588932339428708,294.043294185362,292.507797746297
2,0.106270613674029,0.0826412791647751,0.0591837136629843,0.0369284847304251,0.189304504030862,0.084947737815963,0.0379343039476354,0.0496632884300307,0.00107967630479125,295.023210046187,293.137310455921
2,0.108675259159416,0.0849232386755889,0.0636494838985261,0.0423512056908618,0.194702687733938,0.0918426909338689,0.0436514721084977,0.0552823069917278,0.00105513910652313,295.120984364279,293.331066178882
2,0.107080341235435,0.0829847999513492,0.0604105736178035,0.0389896094393694,0.161283023172168,0.0804083558700108,0.0372227250778285,0.0576133408928685,0.000588932339428708,295.277249717805,293.411954073258
2,0.113435475732528,0.0919408776013172,0.0732926031434049,0.0563864834708155,0.186531800583373,0.111398839101025,0.0644344825473406,0.073562520216463,0.000687081132501221,296.069941380924,294.057274215726
2,0.10683496924713,0.0827394279609392,0.0604351108168999,0.0375909891011572,0.188004032502394,0.0825921666440094,0.0382042131741139,0.0499086604196244,0.000858841520378108,294.771055410817,292.951962573176
2,0.106884043644791,0.0831320231455953,0.062103640355454,0.0383761794664693,0.212982900728445,0.100308024833077,0.0436514721084977,0.0528285870957902,0.000809767123841852,294.220746628998,292.641496397045
2,0.1068104320483,0.0824204443734061,0.0608522432015384,0.0370020963271731,0.218552844822073,0.0974371724672587,0.0405597846051988,0.0514299667551057,0.000638006735964965,293.897674375269,292.254557236121
2,0.107153952831926,0.0832792463398414,0.0614411359798516,0.0376891378968212,0.203536079248062,0.0861500606016477,0.0375907831139355,0.0526322895041152,0.00107967630479125,295.081884667,293.255911355907
2,0.107620159609706,0.0836473043254565,0.0629869795229238,0.0400447089927575,0.188200330091596,0.0983450488564491,0.0459825063371755,0.0544235050281496,0.000588932339428708,294.316750971696,292.711197872765
2,0.108012754790993,0.0841135111072356,0.0629133679256346,0.0417132385190457,0.179612310563976,0.0983941232558648,0.0464977875877253,0.0542762818343934,0.000883378718646227,296.065094847214,294.074516247036
2,0.106515985662334,0.0831320231455953,0.0625207727400925,0.0389159978426213,0.216565331731395,0.0948116920985187,0.0406579334148273,0.0516753387446995,0.000736155529037477,294.17148212239,292.469988486659
2,0.107153952831926,0.0835000811312104,0.0628397563283455,0.0399465601970935,0.182188716422262,0.088554706173017,0.0415412727014842,0.0539082238500027,0.000687081132501221,294.949824392782,293.198070654836
2,0.107988217592163,0.0839662879129896,0.0621772519527431,0.0394803534176894,0.196641126427315,0.0931431625183849,0.0425472980001767,0.0553313813896465,0.00083430432210999,294.631273635697,292.960656617823
2,0.108184515182806,0.0843834202966867,0.066520336192803,0.0411488829439776,0.229300137830924,0.120772049389424,0.0554538664663294,0.0570489853168028,0.000858841520378108,294.301986354075,292.586289651859
2,0.108331738375789,0.0848250898794249,0.0633059631111768,0.0423757428897778,0.183292890361527,0.1038168443913,0.0505464259849025,0.0572698201074372,0.000368097555015565,295.603741983966,293.63702259062
2,0.106515985662334,0.082150535183955,0.0603860364187071,0.0371247823217531,0.201892086938489,0.0942473365052382,0.041516735499077,0.052166082723887,0.000760692727305596,295.0623298051,293.362849505849
2,0.10784099439918,0.0841871227043587,0.0625453099391888,0.0418113873147097,0.173649771291942,0.0930940881189692,0.0454426878842185,0.0518716363363745,0.000932453115182483,295.052551120083,293.215425542763
2,0.107399324820231,0.0838681391168256,0.062618921536478,0.0416641641212137,0.178704434213913,0.0888982269689269,0.0422037771664768,0.0546934142167027,0.000858841520378108,295.299207443187,293.417729874996
2,0.107104878434266,0.0830338743494313,0.0614411359798516,0.0382044190740572,0.192936009431113,0.0890945245665897,0.0401671893666847,0.0513318179592682,0.000932453115182483,295.013428014556,293.111261748574
2,0.107031266837774,0.0826903535628572,0.0612448383870805,0.0378118238914012,0.189795248003869,0.0881621109776914,0.038400510793371,0.0519943223311714,0.00112875070132751,294.077820580851,292.318641615374
2,0.106197002077538,0.0825185931695701,0.060189738825936,0.0370757079239211,0.18986885959982,0.0940510389075754,0.0411241402605629,0.0517244131426182,0.000956990313450621,295.032991240842,293.140204437251
2,0.107031266837774,0.0835246183302514,0.0613920615816588,0.0394067418209414,0.189083669243009,0.0950079896961815,0.0432343396675765,0.0515526527499026,0.000956990313450621,295.744772202071,293.729247187487
2,0.106933118042452,0.0833528579369644,0.0630115167220202,0.0393331302241934,0.217890340458514,0.106074266764422,0.0456389855034756,0.0521906199228464,0.000343560356747427,294.596915025992,292.946166222553
2,0.1068104320483,0.0829602627523083,0.0620054915590684,0.0386706258534613,0.194997134117742,0.0877204413829501,0.0387931060318851,0.0511600575665526,0.000883378718646227,294.097545229495,292.44380641792
3,0.145112999422673,0.126611939846262,0.103497895231053,0.102369194239405,0.121753596146462,0.124575315344141,0.123225619514835,0.113754452111921,0.000932453115182483,304.813750980862,302.066449135764
3,0.133433292779366,0.117459564603966,0.096455719090391,0.0939038606133843,0.220270448727597,0.179661328688264,0.136868304053201,0.102025671009339,0.000539857942892452,301.759933516361,298.872577022465
3,0.157111689650775,0.140181010915939,0.123422100897317,0.12094385381882,0.188200330091596,0.163295016483128,0.139518321913172,0.124354522062372,0.00115328789959565,302.87485852481,300.076441679939
3,0.14962784400748,0.131568454052545,0.112233138109366,0.102810863819893,0.185967445014415,0.177403906315142,0.149308665673619,0.0836227717898072,0.000932453115182483,300.567040170498,297.904104683498
3,0.193058685937422,0.185623903539886,0.168104340451831,0.159344570122365,0.158461245327378,0.211731448706424,0.213841508004382,0.125924902795772,0.00122689949440002,300.469041888916,297.406077342816
3,0.141236122007457,0.126881849035713,0.116428999154847,0.118195687540227,0.207216659045614,0.224785238951,0.159638827887022,0.115938262819306,0.000932453115182483,302.863416275818,300.296207089812
3,0.13777637697236,0.121655425639978,0.0983205462217162,0.0927015378665002,0.148450068278037,0.165405215658003,0.148008193946041,0.0812672006897071,0.000662543934233083,303.866273060099,300.586864979844
3,0.125434165960631,0.106147915846061,0.0948608011491261,0.0730472415347817,0.362831572886102,0.166190406048655,0.101215748955635,0.128722143477141,0.000736155529037477,300.646313526631,298.088306292029
3,0.149308860422684,0.13485643872404,0.118465586679847,0.119201712695784,0.165233512154873,0.185403033419901,0.147173929064198,0.149063481414463,0.00105513910652313,304.613101182147,301.602174027944
3,0.150069513586429,0.13532264550582,0.118220214688883,0.117312348379251,0.131789310394453,0.146217125486465,0.138046089768744,0.115570204834915,0.00105513910652313,303.169699648101,300.397731770126
3,0.132230970036673,0.111791471625493,0.0970200746696078,0.0933640422372322,0.22898115424847,0.176937699520693,0.126219158208505,0.0669620136963908,0.000932453115182483,300.342926261758,297.719654717745
3,0.167858982738523,0.160178828134361,0.122612373327136,0.125164252032372,0.169821968302488,0.17674140192303,0.177232002012938,0.251211840682346,0.00100606470998688,303.511649836568,300.092936095602
3,0.129949010545438,0.113067405975625,0.0998418525656919,0.0957932249299166,0.255677626380045,0.16464456246706,0.110539885870346,0.0976825867935298,0.00127597389093628,299.764362559075,297.434104664266
3,0.186041047071906,0.169331203376657,0.152498681826531,0.142168530881162,0.210553718062061,0.236808466807847,0.228171234210149,0.147149579895632,0.00112875070132751,302.296831143923,299.251983208649
3,0.143076411919743,0.125679526282703,0.100676117334969,0.102663640626397,0.118931818301672,0.138757816775278,0.147934582338819,0.103375216952105,3.95809936520793e-08,301.704495624968,298.525491042428
3,0.146192636171213,0.131961049237202,0.116649833946715,0.10933775873155,0.150167672183561,0.163245942083712,0.140426198402236,0.103350679753146,0.000981527511718739,303.397772113244,300.285227030138
3,0.127102695481103,0.104626609505518,0.0841625823431028,0.0796722852421025,0.127863358610398,0.129629978483958,0.122955710288356,0.0560429601594685,0.000809767123841852,301.503320288003,298.869803799695
3,0.132819862808604,0.11076090926577,0.0945418175608731,0.0846778738209671,0.153701028789211,0.128329506899442,0.0995226819895429,0.128844829471937,0.00083430432210999,301.787642957173,299.085948073927
3,0.138168972153648,0.119471614925328,0.0994247201810534,0.126047591193348,0.16216636232358,0.21793936023251,0.202186336860993,0.123446645700875,0.00142319708054505,302.577011546132,299.588975462017
3,0.142536593545473,0.120673937678338,0.0940510735789454,0.0886774372442757,0.130807822448439,0.141555057541973,0.141824818939443,0.0849477805336135,0.000662543934233083,300.876841382145,298.088306292029
3,0.183710013183011,0.15917280297368,0.131421227802738,0.125385086822616,0.148867200655093,0.115889146647562,0.109362100154804,0.0876714096181043,0.00100606470998688,302.273836951107,299.25751428366
3,0.110245639884566,0.0873524213806487,0.0715995364057544,0.0471604966783984,0.294740846631395,0.116993320634415,0.0591835212322138,0.0665203441151221,0.00083430432210999,298.916044521812,296.773930245884
3,0.144744941440215,0.123348492373808,0.104847441181354,0.105068286120166,0.13296709592967,0.151492623423652,0.140229900782979,0.131666607352266,0.000711618330769339,302.03213523677,299.387431001042
3,0.127053621083442,0.105828932258528,0.0946154291581622,0.0845061134285551,0.179268789782871,0.151713458221023,0.103424097172277,0.0717467674934692,0.00122689949440002,305.023073693863,301.800559563434
3,0.219877844259132,0.192911451655066,0.167343687279843,0.174140501068714,0.208958800149788,0.31974420182038,0.288606363738921,0.271724939012385,0.001030601908255,299.218363952257,296.596399748918
3,0.141064361615644,0.122857748392988,0.106246061529848,0.138880546226418,0.184740585081898,0.236734855208723,0.227091597304235,0.0677717412620502,0.00139865988227691,302.418627960463,299.790227818882
3,0.135420805884635,0.115643811874931,0.0834019291711149,0.0720412163792255,0.07753756417854,0.0756726763263957,0.0710349899948598,0.12087023981014,0.000441709149819939,301.78302515679,299.544826376351
3,0.156817243264809,0.144499557947157,0.123225803304546,0.119079026701204,0.154927888721728,0.152326888213719,0.149357740078433,0.133261525284625,0.000907915916914364,303.491159624275,300.868720153828
3,0.153750093411,0.137948125803208,0.122097092146112,0.118735505916379,0.146413480790059,0.150241226238552,0.135911353159323,0.118244759521487,0.000932453115182483,301.843042851081,299.412294781026
3,0.118931808270555,0.0925543075773424,0.0729981567542483,0.0587420545667518,0.133825897882432,0.105509911171141,0.077095678989422,0.0654161701619501,0.00105513910652313,301.697564105033,299.160688545557
3,0.148646356054261,0.135469868700066,0.122465150132558,0.134095792437797,0.159786254054497,0.208026331550539,0.204394685077635,0.117655866746462,0.000711618330769339,305.209592242965,302.245237250602
3,0.129850861750117,0.106565048229758,0.0833528547729221,0.0877204864865515,0.125998531512972,0.133457781638383,0.102295385861549,0.110049335069055,0.000883378718646227,301.540343151248,298.506028333896
3,0.122685999691618,0.102295575596623,0.0864690790581629,0.0773167141461662,0.246206267701012,0.156130154168436,0.0966027549030938,0.0900760551161232,0.00115328789959565,301.141751706696,298.564408200789
3,0.147983851685838,0.129188345745568,0.101804828493403,0.117827629556487,0.128673086165859,0.158632948538637,0.144303076382563,0.114834088866134,0.00112875070132751,303.614049769338,300.233059957883
3,0.135862475463583,0.122367004412167,0.101780291294306,0.0949344229678565,0.266743902971351,0.174410367950784,0.12403534719427,0.0901496667130013,0.00139865988227691,302.870281753578,299.69377332782
3,0.163687658937343,0.149873204537137,0.133654112920509,0.13942036460257,0.153455656802708,0.162387140093938,0.138708594233737,0.108184507948143,0.00110421350305939,304.407606782881,301.387168634444
3,0.116821609171134,0.0934376467428187,0.0771940177997299,0.0587665917656678,0.232637196847371,0.134758253222899,0.0841623932826767,0.122146174156028,0.000736155529037477,300.228372956172,297.973907182116
3,0.127716125451865,0.11122711604755,0.101068712520511,0.0797458968388505,0.294912607021947,0.164546413668229,0.10708014033094,0.0761634633061569,0.000539857942892452,301.859196388527,299.251983208649
3,0.124084620024955,0.10101964124649,0.0792796797229225,0.0723847371640496,0.179661384961276,0.121679925778615,0.0779299438712646,0.0755745705311319,0.000515320744624333,300.758139830934,298.311249539665
3,0.146683380147823,0.12877121336187,0.116527147951233,0.121410060598224,0.175146540409613,0.205744371977709,0.189991347264648,0.113631766117124,0.000785229925573733,304.86555171722,301.835859341315
3,0.17026362822391,0.158289463808203,0.138046271558761,0.144597713573847,0.243409027054873,0.246549735091863,0.210897043715526,0.136402286751425,0.00105513910652313,301.570415888379,298.897533519696
3,0.146904214937297,0.128746676162829,0.116895205937679,0.113288247757027,0.189525338818715,0.168447828421777,0.129826126962354,0.109681277084665,0.000858841520378108,301.211368273578,298.464313252686
3,0.144229660264775,0.123127657582439,0.105902540742499,0.102025673454581,0.217276910492255,0.174533053949324,0.131862714762146,0.119520693867375,0.00083430432210999,302.356595737809,299.870096617703
3,0.154412597779423,0.13461106673363,0.114073428041594,0.107571080409598,0.117557735177253,0.119937784599357,0.125973786184434,0.0875977980212262,0.000907915916914364,303.425112383823,300.235806079071
3,0.128010571837831,0.113337315165076,0.0947135779545478,0.103890500572198,0.233937668375839,0.206112429973327,0.162411531759028,0.0651217237744376,0.00100606470998688,300.398994041051,297.775574937973
3,0.150928315545495,0.136623117054993,0.108724318638583,0.0962594317093206,0.205818038722544,0.173527028761302,0.146143366563098,0.144671322800735,0.000858841520378108,300.788408219566,297.951574256008
3,0.174974770399361,0.150511171712204,0.132108269377436,0.105264583711494,0.263259620763002,0.154731533785088,0.116134368019173,0.14842551424152,0.001030601908255,303.206219719407,299.781962911999
3,0.134120334346619,0.114735935510414,0.0887510385741265,0.0923580170816761,0.104111350316864,0.117017857834123,0.111913969205146,0.171024274483105,0.00112875070132751,302.991508424277,299.903132374481
3,0.144573181048402,0.129090196949404,0.111325261742799,0.109779428312038,0.180225740530234,0.177232145917187,0.14886699603029,0.122587843737297,0.000638006735964965,302.075907350549,299.660687804223
3,0.1119632438027,0.0877204793662638,0.0701763788581642,0.0474794802643064,0.302028394630547,0.131862863657372,0.0629622504029125,0.0523378431166026,0.0012023622961319,297.557894331066,295.654123709781
3,0.138463418539614,0.117410490205884,0.100700654534065,0.0930450586513242,0.202898112083153,0.151885218618978,0.123421917134092,0.0884565999848043,0.000613469537696827,298.280546911764,296.08221939347
3,0.128206869428475,0.10685949461825,0.0873524182256327,0.0712560260139135,0.104872003475024,0.124992447739174,0.117385765341937,0.103301605355227,0.000907915916914364,301.757624110394,299.287931247456
3,0.161626534235583,0.14896532817262,0.123888307680148,0.12155728379172,0.127667061021195,0.150462061035923,0.138733131436144,0.179955814904318,0.000662543934233083,303.283788816994,300.002192653705
3,0.134243020340772,0.11537390268548,0.0985413810135836,0.083720923063243,0.223852879730548,0.150560209834754,0.106859305509276,0.114441493682784,0.00105513910652313,299.204209948403,296.81334987196
3,0.134390243533755,0.115324828287398,0.0906404029045481,0.083819071858907,0.113901692578351,0.0941491877064068,0.0788623575627357,0.123765629287347,0.00105513910652313,303.579925919735,300.775743182463
3,0.166951106381796,0.147836617016734,0.107448384285571,0.102369194239405,0.173796994483844,0.182703941452038,0.173894942485567,0.102835398574999,0.000981527511718739,304.452799568553,301.130911739973
3,0.141113436013305,0.123422103970931,0.103154374443704,0.104013186566778,0.116870693615043,0.129973499279868,0.120035783201907,0.0901251295140419,0.00100606470998688,303.087489721185,300.040697084952
3,0.147763016896364,0.128918436556117,0.10609883833527,0.0878922468789635,0.116036428860931,0.146879629878577,0.155761949906695,0.0795250595635914,0.00100606470998688,303.668628274708,300.474512294176
3,0.157626970826215,0.145505583107838,0.125017018838582,0.117336885578167,0.143591702945269,0.144180537910713,0.122366817430585,0.0980997191758392,0.000883378718646227,302.039047671373,299.42886815741
3,0.1171160555571,0.0960631270402066,0.0778074477771395,0.0611467000605202,0.226429285588834,0.137506419590178,0.077831795061636,0.0658578397432189,0.000785229925573733,300.094978900243,297.739229398731
3,0.119275329054182,0.100406211270465,0.0960876611039452,0.083794534659991,0.326271146897088,0.212590250696199,0.114563987065116,0.0854875989107198,0.000932453115182483,299.750273427428,297.268660009455
3,0.147419496112737,0.130611503289946,0.105657168751535,0.102565491830733,0.131151343229544,0.153161153003786,0.143517885905535,0.0921617170276701,0.00125143669266814,304.224407340038,301.068139521295
3,0.16611684162156,0.153063040412469,0.140720826260267,0.137997207065442,0.1848878082738,0.172643689571819,0.139910917151686,0.184151675926371,0.00110421350305939,301.55885033541,299.099791950176
3,0.14805746328233,0.131617528450627,0.102761779258162,0.0931186702480722,0.12803511900095,0.108159928739589,0.0979523010354863,0.0657596909473814,0.000760692727305596,302.073603948054,299.409532359011
3,0.160178839504585,0.144450483549075,0.130120756250629,0.129728171030749,0.14508847206294,0.145971753489386,0.126832588268684,0.081193589092829,0.00122689949440002,302.964071383135,300.433385111153
3,0.146904214937297,0.128746676162829,0.116895205937679,0.113288247757027,0.189525338818715,0.168447828421777,0.129826126962354,0.109681277084665,0.000858841520378108,301.211368273578,298.464313252686
3,0.108037291989824,0.0842361971024407,0.0651953274415983,0.0415660153255497,0.285343099548312,0.12150816538066,0.0553311804542937,0.0540799842427183,0.000466246348088077,300.753482479116,298.333523954822
3,0.141407882399271,0.124796187117227,0.102467332869005,0.10884701475323,0.130366152872733,0.147223150674486,0.131371970714003,0.126219349183284,0.000956990313450621,303.920740094884,300.980757637567
3,0.127200844276425,0.112306752805354,0.0977561906424993,0.0847269482187991,0.226723731972638,0.19271511893284,0.13782525494708,0.0763842980967913,0.000760692727305596,301.526460905223,298.997314414855
3,0.138954162516223,0.118809110551221,0.0975844302488247,0.100381681127209,0.106197012202143,0.109730309520892,0.116993170103423,0.115692890829712,0.000687081132501221,304.579251881963,301.588575788653
3,0.129360117773507,0.111178041649468,0.0988603646018366,0.102884475416641,0.244096068617082,0.185501182218732,0.130169647796054,0.090910319880742,0.000736155529037477,302.144989141191,299.395719423218
3,0.153921853802813,0.136647654254034,0.116993354734064,0.138757860231838,0.173428936504089,0.19408920211648,0.17087686658949,0.131372160964753,0.00144773427881316,304.201771325324,300.819504722598
3,0.12899205979105,0.105828932258528,0.0919408744566564,0.126980004752157,0.200149945834314,0.343348987939332,0.294593441126262,0.0971427684164235,0.000662543934233083,302.409439993299,298.797680432453
3,0.128771225001576,0.105927081054692,0.0870334346373797,0.0808991451879027,0.189255429633561,0.158313964942435,0.12994881297439,0.093977469750664,0.000907915916914364,301.157999166776,298.383628184063
3,0.15016766238175,0.130881412479397,0.115103990403643,0.102271045443741,0.127936970206349,0.117753973825359,0.0974124825825293,0.0977561983904079,0.000907915916914364,302.018309187753,299.456486050296
3,0.168447875510455,0.156179264690677,0.14680605163617,0.147198656658943,0.176471549136731,0.202480924416565,0.177771820465895,0.114711402871337,0.000466246348088077,300.643982704426,297.775574937973
3,0.128084183434322,0.106810420220168,0.0892417825560542,0.0809482195857347,0.225963078814477,0.158289427742727,0.105141701340777,0.0807273823126009,0.00127597389093628,301.229925908437,298.806004284501
3,0.111717871814395,0.0899288272799546,0.0742250167090674,0.0508410765157988,0.325829477321382,0.159123692532794,0.0771202161918291,0.0617846647159624,0.000343560356747427,298.075889656428,295.685355622271
3,0.137580079381716,0.12047764008601,0.101191398515993,0.0974617544562048,0.177305813890843,0.157577848951199,0.118293641831001,0.101314092239517,0.000466246348088077,304.73713646029,301.757101597957
3,0.132967086001587,0.117974845783827,0.104700217986776,0.0933149678394002,0.291452862012248,0.18336644584415,0.129065473687733,0.0914746754568076,0.000490783546356196,299.484616228492,296.909035534571
3,0.170018256235605,0.150854692498778,0.133433278128641,0.130955030976549,0.235851569870566,0.166092257249823,0.12506590969537,0.145554661963273,0.000883378718646227,301.408397436074,298.572746159979
3,0.149063488434379,0.133801339165277,0.114392411629847,0.113778991735347,0.171686795399914,0.164570950867936,0.14570169691977,0.103031696166674,0.00117782509786376,302.227835533885,299.271341004583
3,0.169355751867183,0.166313127894613,0.143567141355448,0.146388929094715,0.178213690240906,0.186948877001496,0.193279332387204,0.130734193791809,0.00100606470998688,301.773789028381,298.872577022465
3,0.126317505118528,0.105657171865241,0.0995719433756317,0.0855366757830273,0.3911475001286,0.221055584595407,0.147321152278641,0.0643119962087782,0.000932453115182483,300.522717532834,297.965532761839
3,0.126317505118528,0.105657171865241,0.0995719433756317,0.0855366757830273,0.3911475001286,0.221055584595407,0.147321152278641,0.0643119962087782,0.000932453115182483,300.522717532834,297.965532761839
3,0.164546460896409,0.154510735155888,0.121483662168702,0.118048464346731,0.17497478001906,0.199879981247533,0.226723539268128,0.1208947770091,0.000662543934233083,302.333612825171,299.282401387332
3,0.143199097913895,0.126415642253934,0.110638220168101,0.123593871301748,0.168030752801013,0.167220968436384,0.128623804044404,0.125777679602015,0.000760692727305596,301.672145138568,298.678316619077
3,0.15428991178527,0.139837490129365,0.12170449696057,0.123741094495244,0.155958451065043,0.156743584161132,0.137579882923008,0.0765069840915882,0.000883378718646227,301.866118674831,299.307284019305
3,0.134046722750128,0.11368083595165,0.0951552475382827,0.0823223027250308,0.22613483920503,0.157651460550323,0.111987580812367,0.0782981996156226,0.001030601908255,303.748178628114,300.233059957883
3,0.136156921849549,0.118931796546426,0.103816878819306,0.102001136255665,0.177624797473298,0.15779868374857,0.120428378440421,0.0899779063202857,0.00110421350305939,301.623603203302,299.207726650845
3,0.140647229235526,0.119888747309026,0.10406225081027,0.112012313413395,0.134807385828445,0.139101337571188,0.117263079329901,0.0698083287756784,0.000539857942892452,301.859196388527,299.315577236699
3,0.143370858305709,0.13021890810529,0.116797057141293,0.137849983871946,0.1706562330566,0.196395698889018,0.17139214784004,0.100455290275939,0.00122689949440002,301.27398885767,298.408673447526
3,0.144548643849572,0.127274444220369,0.116036403969305,0.107693766404178,0.213743553886606,0.181796065062847,0.145579010907734,0.100136306689467,0.000711618330769339,302.39565674401,299.91689496013
3,0.132378193229656,0.114196117131512,0.0973145210587644,0.099228432778157,0.19129201712154,0.151124565428035,0.108331537653704,0.121729041773718,0.000981527511718739,300.788408219566,298.389194192711
3,0.166067767223899,0.148400972594677,0.131887434585569,0.13733470269471,0.181894270038458,0.17183396198146,0.146143366563098,0.125630456408259,0.001030601908255,303.857192884357,300.455321113083
3,0.12432999201326,0.104307625917985,0.0878431622075604,0.0711088028204174,0.227926054706505,0.151615309422192,0.126194621006098,0.0954987760861453,0.00110421350305939,301.60973050424,298.717190607897
3,0.17077890939935,0.162608010839421,0.140303693875629,0.149554227754879,0.156203823051546,0.188347497384843,0.180814433564379,0.177649318202137,0.00149680867534942,301.884576174589,299.011167172355
3,0.185672989089449,0.176618751491836,0.144327794527435,0.131789295739693,0.138193519242193,0.173625177560133,0.186556138927649,0.136426823950385,0.0012023622961319,302.764968738191,299.547586105582
3,0.139763890077629,0.123716550359423,0.108478946647619,0.104651153738594,0.129212904536167,0.135126311218516,0.107227363545383,0.0665939557120002,0.00110421350305939,301.803803873809,299.365326118505
3,0.144278734662436,0.122882285592029,0.10636874752533,0.102172896648077,0.197205481996273,0.173600640360425,0.13679469244598,0.0751819753477818,0.00112875070132751,301.55885033541,299.002855684553
